-328.0750
-277.9024
-295.4279
-308.3395
-338.5601
-329.9398
-314.6311
-343.9150
-322.5382
-281.9580
-304.0420
-311.7993
-286.9230
-329.8132
-303.5463
-295.6858
-323.9395
-325.0561
-313.8316
-302.3226
-304.4270
-328.3526
-284.5344
-298.6735
-300.2499
-297.6213
-331.5015
-305.1348
-302.1059
-313.6745
-312.8525
-323.6724
-305.6823
-338.7912
-320.2778
-289.4606
-335.4468
-325.8382
-332.5444
-313.6951
-290.0997
-318.2795
-317.6439
-319.1082
-316.7640
-293.0943
-319.0758
-298.3386
-347.2495
-278.6788
-315.2541
-287.4346
-301.9276
-293.8124
-331.8267
-308.3158
-306.0397
-312.9334
-312.6685
-279.8633
-301.6070
-317.4078
-301.6799
-298.2636
-294.0258
-287.8949
-319.6542
-301.3693
-307.0000
-333.0163
-315.7151
-318.0954
-320.7267
-317.5626
-327.7045
-297.8864
-291.4319
-305.1455
-315.8110
-298.4262
-301.9287
-303.8152
-314.5378
-331.5730
-311.1918
-293.2062
-306.4086
-290.7584
-302.8122
-307.9144
-300.7851
-322.4478
-308.0820
-316.5689
-306.9647
-317.1855
-300.9732
-306.3920
-320.6896
-298.8843
-298.1815
-306.0261
-303.2725
-311.5278
-284.5512
-285.4113
-314.3012
-328.3368
-317.9453
-335.1877
-301.5069
-336.7015
-293.4760
-320.7726
-335.0007
-317.1302
-325.3223
-347.1167
-305.6695
-328.3538
-306.2078
-319.0833
-300.2505
-334.0966
-295.7224
-323.3162
-291.2900
-311.6738
-298.9564
-334.1510
-325.4829
-322.0680
-313.5710
-326.6658
-315.8582
-307.5694
-313.8523
-306.0711
-295.9920
-296.7685
-321.0221
-324.6050
-313.2154
-304.9310
-303.5799
-323.1032
-328.5318
-332.4537
-326.5223
-300.2566
-299.4675
-347.0603
-307.4200
-312.1834
-304.3625
-340.6741
-331.0773
-292.6358
-330.0901
-314.0165
-325.4484
-351.0090
-332.0265
-310.6067
-347.6693
-329.9594
-314.8166
-325.4703
-323.5182
-323.3491
-307.6073
-340.6771
-331.1317
-279.6907
-341.5321
-322.3348
-289.2449
-314.5908
-298.1809
-332.2229
-312.5063
-318.2725
-301.0292
-337.9251
-317.6316
-301.1740
-304.8645
-290.1616
-305.2917
-303.8714
-294.6129
-337.7954
-320.6131
-324.4019
-300.4378
-329.7446
-314.0008
-287.6152
-326.7271
-341.5982
-337.1538
-301.1595
-314.8315
-341.2239
-336.8411
-333.3978
-346.7886
-332.0741
-336.2620
-314.3400
-319.5041
-341.7196
-318.4902
-338.5867
-357.2206
-330.0051
-324.7361
-344.0881
-351.8601
-333.1749
-289.4402
-307.1270
-312.0966
-320.8611
-322.4325
-331.8759
-314.2973
-324.6642
-328.8049
-307.1865
-318.8487
-306.1497
-299.1574
-294.7986
-317.9951
-322.5288
-310.9331
-326.9039
-302.9731
-348.2666
-329.3683
-312.8187
-312.0948
-327.0556
-321.2760
-293.2411
-278.6172
-288.5466
-290.4263
-345.0755
-307.7866
-302.4311
-290.5614
-281.5003
-286.5048
-321.7611
-281.9040
-301.3954
-314.5179
-305.2495
-316.6397
-313.7137
-319.2670
-299.1628
-298.4005
-352.8723
-307.8753
-336.9501
-310.6335
-322.9318
-326.3157
-293.9657
-301.5101
-311.3343
-315.9663
-309.7266
-277.8417
-327.7971
-304.8199
-303.5374
-307.4304
-334.6972
-349.4060
-289.0182
-306.4145
-301.8204
-316.1106
-291.3581
-329.2706
-285.9228
-309.8439
-287.2641
-304.2754
-288.4080
-280.1955
-321.6666
-294.7099
-281.2401
-318.3566
-335.6648
-331.0531
-315.9127
-298.4404
-326.4566
-329.1672
-345.1022
-304.9054
-320.1637
-313.7021
-328.9781
-343.3165
-351.5124
-333.8244
-303.1635
-297.9732
-329.0456
-321.2679
-322.8277
-319.0978
-317.8937
-319.9352
-330.5509
-326.5516
-330.5747
-337.2029
-349.2443
-322.7605
-323.8176
-323.1849
-311.1438
-317.8105
-319.0681
-311.3452
-305.5599
-308.9604
-323.6226
-300.5275
-324.4518
-327.8007
-342.6786
-326.7022
-316.2649
-343.9399
-314.7601
-287.3910
-293.5838
-307.6741
-282.7893
-299.3174
-331.6425
-316.4312
-322.6246
-310.8250
-326.3631
-277.8394
-297.5535
-281.4906
-314.2428
-295.8284
-333.6441
-299.1282
-299.5168
-347.5851
-298.3550
-288.4218
-326.0762
-298.9599
-316.1872
-346.5550
-327.7402
-341.4843
-293.7763
-324.2368
-317.6816
-297.4531
-304.7592
-323.5821
-334.4752
-352.0436
-318.2603
-290.1684
-306.8274
-296.7917
-294.1650
-326.6730
-318.5764
-335.7710
-303.3161
-326.4057
-324.5266
-324.9021
-297.8017
-298.3086
-334.1959
-323.0960
-311.5127
-346.5796
-317.1208
-334.5202
-324.3044
-319.5966
-324.4267
-316.5809
-328.4974
-321.2461
-344.0708
-347.4217
-343.3914
-326.9392
-344.2769
-344.4764
-316.4383
-299.1187
-318.3367
-361.1107
-315.4681
-276.2245
-302.1846
-314.8197
-306.2225
-284.1872
-290.2005
-338.5381
-356.5050
-318.9699
-313.4102
-331.6257
-345.6652
-354.8354
-334.4140
-331.1604
-304.8027
-330.9023
-276.6180
-316.6369
-331.1274
-298.7826
-310.0065
-306.2422
-333.1250
-327.2600
-333.1196
-333.5320
-376.0540
-355.0784
-326.3238
-289.8690
-330.8827
-344.0348
-321.0391
-345.5211
-326.8613
-318.0361
-315.7812
-321.3607
-335.6177
-326.6243
-327.5911
-337.3165
-340.0664
-317.6001
-311.3851
-343.3584
-334.8860
-317.3813
-309.4672
-307.7664
-320.4857
-337.6219
-298.6336
-323.3795
-307.9027
-303.5696
-312.7311
-309.6207
-320.6846
-328.7402
-292.2201
-306.4299
-280.6863
-274.9308
-286.1786
-286.0543
-317.9650
-329.2455
-325.0046
-314.5063
-301.9205
-326.7065
-308.7892
-301.9209
-346.1478
-290.3993
-321.6903
-317.9678
-321.6941
-303.3510
-312.1598
-303.9400
-294.8156
-293.7649
