-7850.4238
-7748.6851
-7935.2821
-7852.7822
-7926.8513
-7898.7649
-7808.4748
-7868.9739
-7802.6470
-7808.6078
-7877.2020
-7883.0875
-7944.7205
-7978.9196
-7924.7247
-7750.8716
-7947.7288
-7998.2584
-7919.0872
-7798.8930
-7809.8207
-7980.1257
-7732.6058
-7854.3610
-7790.0337
-7921.9217
-7825.6638
-7865.1499
-7852.6493
-7966.1096
-7858.1564
-7776.1806
-7896.7174
-7925.0690
-7899.4203
-7735.9977
-7873.3567
-7835.3457
-7879.4080
-7839.3944
-7724.9596
-7811.9525
-7781.7639
-7878.4118
-7963.5944
-7850.2059
-7762.7669
-7741.5923
-7913.3161
-7941.3435
-7875.0028
-7854.9437
-7888.4025
-7892.3033
-7982.6659
-7907.4551
-7851.4380
-7989.6348
-7945.9471
-7858.2511
-7940.2297
-7851.2329
-7808.2820
-7867.3876
-7757.2307
-7852.6180
-7743.2431
-7830.8537
-7815.2167
-7908.3131
-7932.6992
-7872.0916
-7855.5540
-7904.5210
-7914.5522
-7929.0290
-7817.1179
-7827.0634
-7844.8801
-7911.9764
-7853.8158
-8067.1905
-7823.5602
-7852.3872
-7800.2724
-7920.0715
-7794.6129
-7907.3180
-7803.2056
-7846.4032
-7891.1723
-7847.6587
-7963.0811
-7995.0063
-7848.9027
-7916.0610
-7958.8195
-7878.8683
-7879.9749
-7966.9706
-7834.2612
-7923.7090
-7964.5494
-7775.0771
-7922.4661
-7897.3070
-7874.7524
-7928.6289
-8006.5799
-7829.3144
-7824.5269
-8035.9251
-7917.2484
-7887.5038
-7896.5799
-8021.7542
-7998.3343
-7967.8627
-7848.9664
-7884.8341
-7990.4331
-7979.0562
-7938.5184
-8004.0993
-8040.4423
-7902.3084
-7907.7849
-7941.3723
-7887.7411
-7867.2565
-7910.2799
-7976.4296
-7997.6765
-7929.0795
-7851.5816
-7872.9498
-8011.2594
-7912.8078
-7884.9337
-7917.3266
-7908.8760
-7928.4852
-7938.2098
-7940.4538
-7935.8428
-8012.9562
-7895.7148
-7942.9665
-7960.9922
-7936.3255
-7873.4419
-7884.8804
-7923.8568
-7929.7888
-7942.7356
-7858.0156
-7863.8424
-7897.0820
-7788.6775
-7883.7809
-7904.8338
-7869.9600
-7920.1806
-7868.1708
-7955.3578
-7928.6458
-7872.2100
-7930.7062
-7855.7676
-8060.6177
-7782.5275
-8049.0501
-7927.2074
-7783.1919
-7973.4409
-8058.2533
-7974.0310
-7954.8017
-7879.1340
-7880.0685
-7903.6940
-7768.2685
-7818.5481
-7893.3105
-7991.5336
-7899.9626
-7803.5877
-7865.7187
-7867.9792
-7853.0839
-7839.8141
-7983.5455
-7840.8903
-7903.9174
-7948.3629
-7969.9949
-7940.9664
-7929.2096
-7888.9532
-7906.9542
-7973.0036
-7907.1959
-7926.7900
-7974.5119
-7961.8917
-7965.4591
-7903.9181
-8045.2790
-7865.8191
-7971.3464
-7950.7165
-7924.8185
-7943.6134
-7853.0520
-8044.7470
-7948.9431
-8050.4207
-7977.7227
-7948.1495
-8042.6608
-7847.7872
-7968.8249
-7939.8732
-7843.4889
-7944.7102
-7986.6960
-7940.7388
-7884.8813
-7869.3132
-7893.0831
-7974.6480
-7883.4437
-7792.2821
-7801.4357
-7988.4714
-8014.4244
-7984.3882
-8031.1798
-7818.7816
-7979.9725
-7909.5989
-7913.2829
-7873.8841
-7867.0512
-7899.1161
-8032.9949
-7866.8905
-7911.6913
-7899.4662
-8052.1369
-7846.0156
-7778.6127
-7953.2248
-7874.4718
-7863.2979
-7758.1487
-7895.3200
-7912.2893
-7921.8018
-7814.0686
-7948.9970
-7875.3296
-7881.6997
-7928.2704
-7822.2944
-7824.3869
-7852.5463
-8015.9109
-7912.7516
-7937.6361
-7950.2666
-7931.1336
-7954.8580
-7962.9795
-7939.9639
-7931.3901
-7910.9619
-7918.3536
-7825.5474
-7962.2897
-7863.0390
-7947.0189
-7954.9302
-7934.6742
-7904.6204
-7906.9000
-7927.1444
-7937.6234
-7909.9702
-7992.8211
-7890.5590
-7990.3056
-8009.5396
-7966.0588
-7976.3798
-7899.1543
-7940.4144
-7869.2582
-7976.6950
-7957.8212
-7996.3029
-7846.6925
-7850.4672
-7943.6809
-7941.1950
-8026.2158
-7987.5104
-7952.0317
-7947.3571
-7971.7700
-7946.3508
-7983.4131
-7899.3371
-7781.8806
-7991.0113
-7827.7145
-7924.7163
-7846.9916
-7809.2453
-7871.2486
-7936.8081
-7902.6075
-7974.4040
-7902.1507
-7841.5562
-7829.6421
-7834.3921
-7942.0291
-7992.0225
-7872.0548
-7962.0674
-7926.7819
-8002.0643
-7797.0086
-7838.2867
-7879.5971
-7842.7546
-7929.3916
-8001.7508
-7856.2439
-7944.4389
-8029.4040
-7950.8970
-7870.0699
-7817.5914
-8017.0086
-7854.5561
-7955.7232
-7922.9413
-7887.7928
-7798.9828
-7977.6801
-7777.9914
-7926.8606
-7894.6416
-7789.5599
-7893.3746
-7857.7817
-7893.9779
-7907.4454
-7930.2348
-7900.2175
-7938.5227
-7911.9155
-7962.0671
-7866.2923
-7975.9482
-7901.7800
-8002.1907
-7909.7773
-7925.1623
-7798.8691
-7976.0379
-8022.6620
-7806.7006
-7835.8290
-7855.0917
-7910.6693
-7900.0669
-7916.5422
-7899.4734
-7838.7380
-7793.9899
-7808.9772
-7883.8754
-7887.0276
-7906.1231
-7862.6349
-7941.8378
-7899.4699
-7870.5809
-7843.2667
-7819.6515
-8004.8426
-7886.7812
-7970.8599
-7928.6738
-7852.2508
-7962.1970
-7922.7880
-7977.0636
-7865.5743
-7916.9386
-7943.0784
-7920.4395
-7983.4655
-7897.7463
-7892.6814
-7890.8411
-7961.3781
-7868.3043
-7935.5605
-7771.9178
-7880.5945
-7935.7014
-7895.8695
-7757.2506
-7898.7829
-7829.9980
-7917.8926
-7793.7526
-7846.3230
-7865.0348
-8000.0384
-7977.0392
-7922.3331
-7899.6098
-7845.9894
-7892.8701
-7800.6879
-7865.9910
-7832.0431
-7946.4127
-7815.1324
-7819.2654
-7980.6939
-7968.8661
-7921.2481
-7881.7448
-7931.7192
-7848.7212
-8014.1061
-7979.0397
-8012.6150
-7879.2672
-7889.8147
-7758.6342
-7934.8698
-7893.1811
-7917.1162
-7971.7798
-7795.1009
-7800.2966
-7901.3236
-7921.8959
-7994.8333
-7989.6527
-7900.4708
-7906.5401
-7863.0961
-7933.9566
-7919.2403
-7889.0574
-7873.8336
-7803.2202
-7924.0960
-7945.3678
-7872.5503
-7880.7846
-7812.1390
-7892.5576
-7887.9946
-7926.7503
-7789.1110
-7782.9930
-7868.5513
-7846.9373
-7841.8662
-7866.3774
-7872.9515
-7801.0066
-7902.2374
-7964.0394
-7775.5804
-7896.2041
-7951.9938
-7920.0003
-7964.4232
-7819.2653
-7940.6174
-7980.7153
-7897.7051
-7839.1901
-7861.4405
-7904.8939
-7912.6235
-7797.1654
-8059.3312
-7873.1096
-7834.0328
-7826.8680
