-7424.2636
-7376.1446
-7537.8903
-7439.4334
-7487.1413
-7464.6119
-7389.3937
-7408.7480
-7384.1468
-7429.3836
-7477.0993
-7470.6249
-7551.2786
-7537.4973
-7512.7218
-7352.9298
-7522.0156
-7570.8739
-7503.3523
-7389.1381
-7402.6794
-7546.8313
-7343.3550
-7458.4140
-7401.9386
-7533.9471
-7399.8938
-7475.7475
-7470.2048
-7559.1856
-7451.6422
-7364.3178
-7494.3976
-7506.0713
-7502.7723
-7376.1750
-7464.3052
-7429.3569
-7455.8490
-7428.5739
-7341.6613
-7398.7992
-7390.8585
-7466.4668
-7562.0049
-7468.8610
-7343.6464
-7344.3631
-7473.9178
-7558.9446
-7480.3210
-7473.7710
-7504.5722
-7501.8036
-7559.2962
-7501.8163
-7448.5736
-7583.8768
-7535.2968
-7483.1389
-7553.2012
-7445.4980
-7428.6243
-7476.6389
-7379.5890
-7474.4154
-7334.6723
-7442.1346
-7417.2144
-7485.0049
-7527.9520
-7459.8953
-7461.1352
-7496.6900
-7515.8687
-7544.1364
-7419.7931
-7435.8031
-7446.0074
-7521.1437
-7465.6712
-7658.3488
-7414.3093
-7433.9593
-7403.9067
-7531.1139
-7392.6139
-7520.8810
-7400.9725
-7439.4479
-7493.5421
-7424.9730
-7560.1091
-7575.6581
-7448.5272
-7495.3260
-7565.0819
-7474.0186
-7455.3595
-7548.3842
-7440.5201
-7513.3305
-7557.9008
-7365.7791
-7519.7604
-7512.1740
-7447.5604
-7510.4370
-7606.5080
-7419.0803
-7438.2626
-7594.3883
-7532.2855
-7476.7847
-7463.2630
-7588.2631
-7567.7946
-7527.3856
-7438.1816
-7461.0571
-7586.2282
-7573.2829
-7544.2652
-7567.8474
-7636.6876
-7482.4008
-7504.7631
-7529.9483
-7509.9585
-7444.1910
-7500.5497
-7553.2932
-7600.8154
-7502.1591
-7441.5986
-7461.1658
-7605.3234
-7514.3229
-7488.4118
-7520.7460
-7492.3594
-7497.4978
-7532.0884
-7532.8746
-7521.5338
-7580.1259
-7455.0038
-7515.8839
-7530.4592
-7536.6172
-7477.0547
-7438.6435
-7518.1758
-7527.2403
-7542.0162
-7420.6823
-7423.5343
-7508.6391
-7352.2394
-7453.1078
-7467.3203
-7416.2184
-7494.0238
-7447.0663
-7499.0479
-7493.4582
-7436.2590
-7492.7436
-7418.4890
-7625.1274
-7362.9251
-7591.2894
-7481.6677
-7390.8121
-7504.1930
-7629.1218
-7565.1230
-7526.0006
-7484.4185
-7438.8989
-7490.1889
-7341.4733
-7415.5628
-7451.9529
-7582.9599
-7500.4161
-7408.4656
-7479.7594
-7475.6417
-7448.0331
-7449.5270
-7539.7323
-7426.3819
-7469.1097
-7539.4550
-7528.3782
-7531.1322
-7547.2571
-7459.8136
-7464.3131
-7527.3921
-7502.1378
-7511.7703
-7538.3196
-7508.6650
-7528.9223
-7444.7861
-7604.8505
-7425.6315
-7559.6353
-7519.2026
-7473.7634
-7522.5296
-7410.2772
-7587.8806
-7505.0327
-7616.1904
-7536.8814
-7506.6580
-7600.7142
-7465.6066
-7552.1075
-7519.3929
-7402.8533
-7497.6654
-7535.3519
-7517.0830
-7441.6510
-7408.2724
-7466.6386
-7544.1451
-7464.1448
-7390.4886
-7386.4681
-7559.7520
-7585.7860
-7551.6612
-7584.4846
-7396.2337
-7522.3444
-7461.4494
-7482.1101
-7455.6058
-7434.8824
-7474.0079
-7628.2534
-7469.7422
-7507.0600
-7490.0029
-7596.1232
-7429.4984
-7382.0851
-7547.1245
-7478.9678
-7471.3980
-7322.9266
-7506.4355
-7499.8971
-7513.6259
-7407.0011
-7530.9114
-7452.9759
-7470.8766
-7544.0546
-7419.0480
-7378.1667
-7447.9003
-7575.9627
-7492.9876
-7504.1550
-7530.8333
-7534.7465
-7550.4307
-7536.7251
-7518.3613
-7516.1918
-7523.8620
-7500.3447
-7423.8086
-7541.0603
-7463.9048
-7516.9899
-7511.3916
-7538.7805
-7492.6100
-7493.0123
-7508.5604
-7553.1643
-7469.5214
-7582.3910
-7473.5214
-7597.7601
-7591.3229
-7570.1466
-7587.9525
-7484.9898
-7535.0325
-7487.9120
-7555.0528
-7506.9213
-7573.6627
-7430.9349
-7458.5991
-7508.3905
-7513.0940
-7576.8267
-7588.5808
-7532.4275
-7531.7830
-7532.8090
-7515.7005
-7544.1734
-7456.3968
-7373.4821
-7575.0016
-7391.9230
-7487.3506
-7427.5610
-7387.4736
-7441.9395
-7500.0969
-7460.0474
-7542.7015
-7460.8270
-7400.0951
-7387.9329
-7396.7664
-7529.6819
-7556.1534
-7455.8411
-7540.3692
-7507.7330
-7579.0058
-7396.1941
-7444.7387
-7456.8240
-7435.2189
-7499.5348
-7568.8693
-7412.9912
-7520.1238
-7611.9423
-7514.5356
-7459.8120
-7443.8386
-7614.1948
-7455.6061
-7586.7278
-7527.2552
-7463.7393
-7390.4480
-7565.1223
-7376.0342
-7512.7526
-7530.6358
-7399.9431
-7526.6501
-7458.3521
-7508.8111
-7479.1434
-7543.0950
-7495.5541
-7501.0208
-7519.3900
-7577.2834
-7444.1072
-7580.1005
-7491.4611
-7571.9978
-7489.0737
-7493.6055
-7404.5868
-7553.1649
-7610.9928
-7420.1671
-7436.6195
-7434.8713
-7479.8173
-7457.6763
-7503.9012
-7525.1154
-7434.1576
-7401.7165
-7426.4233
-7461.1298
-7480.3451
-7474.8859
-7463.2837
-7528.3099
-7490.1617
-7466.4947
-7445.1526
-7434.4043
-7567.3348
-7465.0396
-7560.9551
-7491.4451
-7425.5765
-7535.5246
-7495.2200
-7558.0546
-7441.0164
-7509.8577
-7530.2419
-7498.7777
-7548.9797
-7452.4578
-7447.7759
-7471.9904
-7540.6199
-7426.7452
-7541.5706
-7367.6640
-7465.4857
-7493.5370
-7498.9824
-7389.6907
-7511.1355
-7429.8227
-7534.0817
-7432.1574
-7462.8643
-7442.7956
-7555.8779
-7554.1707
-7515.9751
-7478.9832
-7396.3724
-7456.7635
-7377.3114
-7440.9322
-7435.0043
-7526.1268
-7435.0545
-7420.2486
-7557.5651
-7569.5215
-7516.2361
-7471.4336
-7503.9633
-7425.1529
-7587.7876
-7552.9816
-7559.8607
-7446.2129
-7483.3579
-7397.4313
-7530.4491
-7464.0891
-7507.1542
-7538.3159
-7379.5178
-7389.1169
-7507.3654
-7512.7352
-7574.4986
-7576.2518
-7489.1878
-7474.0745
-7444.8836
-7542.8707
-7514.6030
-7469.3869
-7454.6398
-7405.5984
-7536.9272
-7554.1383
-7469.3381
-7445.5825
-7411.5999
-7476.1831
-7502.0384
-7547.1635
-7373.3238
-7381.5668
-7459.0534
-7415.1614
-7454.5227
-7476.1843
-7497.8225
-7446.7487
-7522.9845
-7590.2108
-7368.2404
-7484.0335
-7535.0732
-7517.5535
-7572.2547
-7418.6541
-7544.8014
-7585.6981
-7464.7446
-7464.2456
-7448.4722
-7512.9029
-7510.0416
-7421.0141
-7668.2169
-7491.4465
-7459.8075
-7444.3972
